r 3 38 1 2 0.921 0.376 0.376 21. 
r 10 7 1 1 0.949 0.917 0.619 23. 
r 57 23 4 4 0.937 0.560 0.870 23.
c 0.321 0 0
b 128 50
z 0.5
#
0 48 16 2
0 37 2 11
0 30 14 7
16 27 3 23
0 24 0 6
0 22 29 2 
0 0 16 6
0 6 0 16 
20 5 2 2 
25 0 6 10
31 0 19 6
50 0 13 6
50 6 6 4
56 6 7 16
46 16 10 2
40 15 1 1
35 12 1 1
32 24 2 2 
37 27 2 2 
42 30 2 2
47 33 2 2 
53 30 2 2 
56 34 8 2
64 34 3 16
56 39 3 11
59 49 5 1
59 46 2 1
59 39 3 1
62 43 2 1
67 41 8 1
66 6 1 5
71 0 5 5
81 0 12 5
93 0 6 8
99 0 17 2
116 0 12 5
79 41 2 1
85 38 2 1
91 35 2 1
97 31 1 1
87 27 15 1
72 24 15 2
108 24 5 1
98 20 5 1
104 16 5 1
105 4.2 9 2
112 6 2 4 
113 10 1 4
114 10 8 3
117 13 2 37
119 15 1 1
119 22 4 1
122 18 1 1 
125 20 1 1
125 9 2 1
122 7.2 1 1
127 5 1 45 
