z 0.45
r 3 7 1 2 0.921 0.376 0.376 21.
r 5 7 1 1 0.949 0.917 0.619 19.
r 7 7 4 1 0.937 0.560 0.870 23.
c 0.501 0.329 0
b 128 50
#
0 43 64 7
0 35 1 8
0 30 4 5 
13 23 7 20
12 35 1 1 
7 33 1 1 
10 30 1 1
11 26 1 1
7 25 1 1
4 22 5 1
0 19 1 11  
0 10 39 9
0 6 1 3
0 0 16 6
19 0 1 6
23 0 1 6 
27 0 1 6 
31 0 1 6 
35 0 1 6 
39 0 1 6 
43 0 21 6
45 7.2 10 4
39 9 4 1
39 15 2 1
43 13 3 1
30 19 5 3
28 23.2 5 2
38 27 4 1
42 22 9 9
45 31 6 3
53 22 11 11
64 36 64 14
64 28 10 2
69 30 5 2
64 0 9 1
64 4 5 4
78 20 1 9
82 17 1 9
85 11 1 9
76 7 6 1
85 7 6 1
90 18 2 2
94 0 8 8 
106 0 6 8
112 0 3 11
113 13 1 1 
114 15 2 2
117 18 1 1
113 19.2 2 2
109 18 2 1
106 16 1 1
101 15 2 2  
104 20 2 2
96 21 4 1 
110 22 1 1
104 25 2 1
111 26 3 1
117 24 1 1
118 21 10 7 
125 0 3 21
125 28 3 8