r 22 22 1 2 0.921 0.376 0.376 21.
r 8 29 1 1 0.949 0.917 0.619 23.
c 0.011 0.168 0.101
z 0.5
b 64 36
e 58 3 1 2 1 1 1 
e 60 24 1 1 1 1 1
#
-5 0 8 36
3 32 8 4
11 27 3 9
6 27 5 1
6 23 2 4 
6 18 2 2 
10 11 1 3
14 10 3 1
15 1 1 4
20 0 2 2 
23 5 2 1
30 6 2 1
36 8 1 1
41 11 1 1
47 13 1 1
57 6 9 1
56 2 10 1
65 3 1 3 
60 11 2 2 
62 0 2 36 
52 16.7 7 1 
51 19 1 6
54 22 8 2 
21 33 41 3
56 26.3 1 7
51 28 1 5 
46 28 1 5 
41 28 1 5 
46 23 1 2
41 23 1 2
37 23 1 2
30 26 5 2 
28 18 2 10
21 18 7 3
27 21 1 4
26 21 1 2
17 18 4 18



